,danceability,energy,key,loudness,mode,speechiness,acousticness,instrumentalness,liveness,valence,tempo,id
0,0.831,0.417,8.0,-7.139,0.0,0.395,0.794,0.0,0.108,0.484,147.993,0RKglZdTQ7BLrs6vplb2qm
0,0.728,0.542,0.0,-5.195,1.0,0.0514,0.259,0.0,0.136,0.637,90.016,1cVlW9WQiGlFdWUXFdFZGh
0,0.829,0.633,2.0,-3.895,1.0,0.0345,0.478,0.407,0.231,0.842,107.067,3Fc7UXQiievrLVVxmqCYFa
0,0.61,0.391,9.0,-11.878,1.0,0.0374,0.319,2.62e-05,0.743,0.259,134.957,53wqj8xuyBZIpk8Ubp9gFp
0,0.525,0.889,1.0,-6.49,0.0,0.032,0.307,0.0439,0.0749,0.803,154.987,6m7iROft03ArIACgwVjL72
0,0.481,0.451,5.0,-6.095,0.0,0.0347,0.336,0.0,0.0872,0.289,157.966,0ENSn4fwAbCGeFGVUbXEU3
0,0.884,0.333,9.0,-9.753,0.0,0.0617,0.293,0.0205,0.103,0.587,118.065,4cJOLN346rtOty3UPACsao
0,0.731,0.804,11.0,-7.621,0.0,0.0473,0.172,0.00028,0.0685,0.957,107.383,7GVUmCP00eSsqc4tzj1sDD
0,0.647,0.468,2.0,-8.871,1.0,0.0263,0.0827,0.00276,0.0807,0.262,140.037,2LSa3F2AZldoF2jSCxG5re
0,0.651,0.747,1.0,-7.269,0.0,0.0699,0.0528,0.0,0.207,0.776,147.518,1Rvl8qsKJurfFTyWLBI9ib
0,0.878,0.619,6.0,-5.56,1.0,0.102,0.0533,0.0,0.113,0.639,136.041,6u7jPi22kF8CTQ3rb9DHE7
0,0.713,0.745,9.0,-4.591,1.0,0.0439,0.0565,9.29e-05,0.0568,0.945,91.975,7r9JHOYtIfnviFQD8i6L2l
0,0.571,0.746,9.0,-4.473,1.0,0.304,0.00281,0.000101,0.0418,0.367,199.845,6Ovnso88y3EQqSGpHANYtr
0,0.668,0.779,9.0,-11.089,1.0,0.0325,0.0025,0.000347,0.139,0.963,140.873,648BMGrt98kUbLo24A4vgj
0,0.651,0.949,5.0,-4.384,1.0,0.0737,0.0864,0.126,0.255,0.964,77.669,2b4YmTAw00De49Pdbm3P6S
0,0.741,0.686,9.0,-7.25,0.0,0.0291,0.0742,0.0289,0.0957,0.466,113.993,2GvI8j0DaIAGvubj5NinEF
0,0.602,0.916,4.0,-5.418,0.0,0.0399,0.0123,0.00134,0.133,0.549,101.212,5wCUdBsdubZ3ZFoJoRsMrY
0,0.419,0.473,7.0,-8.192,0.0,0.0288,0.513,3.52e-06,0.133,0.324,138.013,73KNzyiG6xM6xguaLe4ICj
0,0.398,0.599,5.0,-8.217,0.0,0.0464,0.0684,0.00332,0.352,0.374,112.393,1lO8VQK74G6Bvvf05BH4o5
0,0.481,0.703,1.0,-8.344,0.0,0.0466,0.0137,0.0,0.0879,0.225,149.951,3BqDKQg8onwppXlPw4SYnZ
0,0.698,0.605,9.0,-11.492,0.0,0.0302,0.313,0.000238,0.0783,0.8,134.092,6pAvXn45z0sktftypuEEzt
0,0.647,0.402,2.0,-9.14,0.0,0.0282,0.508,0.0,0.107,0.237,113.27,4vkSJSyPddHwL7v3l1cuRf
0,0.434,0.897,11.0,-4.845,0.0,0.0695,0.0124,4.22e-05,0.0772,0.376,135.54,02dphTJYUQ9pmdNC52iyOz
0,0.491,0.877,7.0,-3.758,1.0,0.0425,0.000259,0.0,0.0876,0.819,138.31,19vhfSUgVJO2enJ6XidUGO
0,0.477,0.836,0.0,-5.662,1.0,0.0506,0.033,3.43e-05,0.248,0.213,131.812,0dQPkfweyWDzZ20Auq3F14
0,0.433,0.724,5.0,-6.126,0.0,0.0372,0.1,0.0,0.0918,0.689,174.006,2LIh4uzqq9cXMPzzmcToHl
0,0.356,0.734,4.0,-6.314,1.0,0.0476,0.163,0.0,0.749,0.344,118.002,53gDb3nG9sMytzVzD6UCMb
0,0.545,0.753,3.0,-4.618,0.0,0.036,0.0417,0.0,0.389,0.434,105.754,5NeIONQWJ25uPylJBJiO4c
0,0.561,0.337,8.0,-9.272,1.0,0.0284,0.644,8.79e-05,0.67,0.273,109.373,5OfNYKPRbqot0IM4gdXSqj
0,0.458,0.87,3.0,-3.533,1.0,0.0864,0.149,0.0553,0.0634,0.535,135.937,3EQjW604d5Cfbn8FnZmqyF
0,0.525,0.807,2.0,-6.366,0.0,0.0725,0.251,0.0,0.0504,0.741,155.397,734dz1YaFITwawPpM25fSt
0,0.824,0.588,6.0,-6.4,0.0,0.0924,0.692,0.000104,0.149,0.513,98.027,5ZULALImTm80tzUbYQYM9d
0,0.733,0.794,5.0,-10.023,1.0,0.0307,0.0614,0.0367,0.33,0.931,148.174,37Tmv4NnfQeb0ZgUC4fOJj
0,0.679,0.715,9.0,-6.383,1.0,0.0407,0.0755,0.0,0.271,0.571,127.435,6fNhZRFEkBfgW39W3wKARJ
0,0.338,0.34,9.0,-12.049,0.0,0.0339,0.58,0.0032,0.116,0.197,82.433,5CQ30WqJwcep0pYcV4AMNc
0,0.374,0.85,4.0,-5.657,0.0,0.0404,0.0904,0.0,0.116,0.348,125.796,7vcDJCAO356RYkCfiUozmE
0,0.379,0.951,4.0,-5.26,0.0,0.0937,0.0144,9.8e-05,0.265,0.426,75.645,6PiFdkBF7SMrtJ2P1F2hVl
0,0.485,0.791,10.0,-7.719,0.0,0.0358,0.00433,0.0,0.132,0.431,122.08,5O5PY5HJNPxD7KyqU0SEhH
0,0.589,0.651,6.0,-5.097,1.0,0.0306,0.0291,3.2e-06,0.111,0.166,90.011,7gHs73wELdeycvS48JfIos
0,0.612,0.963,5.0,-3.912,0.0,0.0531,0.00897,0.00378,0.294,0.179,138.009,5khPVYWIdAE0kSTqekYIwB
0,0.345,0.0581,3.0,-17.217,1.0,0.0374,0.976,0.000366,0.103,0.304,174.117,3JOVTQ5h8HGFnDdp4VT3MP
0,0.345,0.0581,3.0,-17.217,1.0,0.0374,0.976,0.000366,0.103,0.304,174.117,3JOVTQ5h8HGFnDdp4VT3MP
0,0.454,0.933,2.0,-6.539,1.0,0.0912,0.024,0.0421,0.493,0.141,122.913,1Ob57NqUydp5cC3FCNV4Gy
0,0.641,0.842,9.0,-7.27,1.0,0.0292,0.132,0.91,0.419,0.5,129.98,64lsIF5pw0sJY0gV5kz0RN
0,0.705,0.373,7.0,-9.066,1.0,0.0384,0.723,0.81,0.289,0.551,120.046,2mlGPkAx4kwF8Df0GlScsC
0,0.571,0.778,3.0,-8.252,1.0,0.0651,0.0525,0.0,0.0868,0.703,136.021,48fzEB7xFqazOdgEWF5ZA6
0,0.663,0.978,10.0,-4.502,1.0,0.0823,0.192,0.0698,0.0835,0.699,120.035,7uvt4gVvogBjiIK8m0wpIm
0,0.507,0.729,11.0,-5.399,0.0,0.0393,0.0182,1.4e-06,0.0658,0.272,105.013,6GyFP1nfCDB8lbD2bG0Hq9
0,0.64,0.755,1.0,-4.077,0.0,0.0287,0.0138,0.0208,0.12,0.744,116.883,4g3Ax56IslQkI6XVfYKVc5
0,0.55,0.753,6.0,-4.003,0.0,0.0407,0.000665,7.74e-06,0.0921,0.841,139.048,1qfYG2JrchEyJiqKnkE7YQ
0,0.733,0.71,5.0,-5.849,0.0,0.0292,0.145,0.115,0.0956,0.965,127.975,7w87IxuO7BDcJ3YUqCyMTT
0,0.511,0.899,9.0,-5.323,0.0,0.0601,0.115,0.000105,0.107,0.0773,121.0,6VCqx14OVaX9uwSvC0PvAG
0,0.447,0.848,2.0,-6.175,1.0,0.222,0.033,7.45e-05,0.65,0.485,172.247,1wgqttlPacpvmX5DKVboOa
0,0.562,0.903,8.0,-4.46,0.0,0.0296,0.000187,0.0939,0.298,0.791,132.009,3zvHOVC4jikl6jORSr6OLE
0,0.451,0.931,9.0,-3.871,1.0,0.0719,0.00076,0.0049,0.361,0.172,122.961,1jJci4qxiYcOHhQR247rEU
0,0.745,0.466,4.0,-7.62,0.0,0.0864,0.00666,0.35,0.272,0.303,123.889,3m6KkYKdnbffMpGd9Pm9FP
0,0.599,0.533,9.0,-14.032,0.0,0.0472,0.475,0.00153,0.235,0.607,122.262,336ZYcU6poBWi3s8yzRcAD
0,0.551,0.821,2.0,-4.489,1.0,0.0539,0.0102,0.0438,0.153,0.842,174.923,5dKBaysNJtfpyNTRa5lqDb
0,0.611,0.697,2.0,-8.618,1.0,0.133,0.0193,0.0,0.332,0.476,122.752,0DiWol3AO6WpXZgp0goxAV
0,0.349,0.87,11.0,-4.746,0.0,0.183,0.0346,0.0,0.129,0.417,169.649,65hYDDFvFzyS3AIJ3qIKPx
0,0.638,0.535,9.0,-7.792,0.0,0.0415,0.623,0.0391,0.0837,0.504,84.947,3kEQyPfmFknzr0pRBWxWxu
0,0.277,0.663,4.0,-8.821,0.0,0.0377,0.000409,0.00051,0.136,0.527,104.561,20I8RduZC2PWMWTDCZuuAN
0,0.351,0.928,1.0,-3.71,1.0,0.0759,0.00113,0.0,0.0988,0.239,148.03,0eGsygTp906u18L0Oimnem
0,0.624,0.91,0.0,-5.703,1.0,0.0297,0.0285,0.000198,0.0789,0.767,104.042,7kzKAuUzOITUauHAhoMoxA
0,0.646,0.977,9.0,1.585,0.0,0.167,0.0102,0.769,0.201,0.606,123.016,6Unf6X6PC7KZtrRXH3dFHg
0,0.763,0.721,1.0,-6.767,0.0,0.0986,0.0117,7.69e-06,0.0752,0.657,118.049,4XTTwW06rMgud7yS1nySZf
0,0.635,0.926,0.0,-5.589,1.0,0.151,0.0893,4.53e-06,0.0928,0.761,100.048,6Qj1WXW41Mn3Fh9V2sHphM
0,0.451,0.939,5.0,-2.82,0.0,0.0512,0.00673,4.85e-06,0.0774,0.448,93.416,2fAIfPLrPUTW1AmJRR428Q
0,0.793,0.703,0.0,-9.548,1.0,0.0581,0.000726,0.88,0.075,0.856,130.27,1RSy7B2vfPi84N80QJ6frX
0,0.693,0.875,7.0,-8.354,0.0,0.0315,0.00971,0.0,0.0601,0.901,120.048,5CeL9C3bsoe4yzYS1Qz8cw
0,0.686,0.748,2.0,-5.702,1.0,0.0434,0.0161,0.0406,0.296,0.259,94.995,41kE0bBBpwPUZEZKxSIROh
0,0.754,0.899,2.0,-3.706,1.0,0.0483,0.011,2.99e-05,0.342,0.517,119.957,4534rgSciSkvD1DOZLTFYa
0,0.664,0.701,11.0,-5.302,0.0,0.0343,0.00533,0.00117,0.137,0.703,95.012,23eZLXXbwmMS9XWrggw4ee
0,0.441,0.684,9.0,-7.495,0.0,0.031,0.374,0.000848,0.108,0.971,199.001,4dVYM5ds4vC3HNzcBpExUD
0,0.607,0.835,0.0,-5.427,1.0,0.0415,0.0588,4.71e-05,0.195,0.719,144.087,1mvyqSb1tOvtVP1qfWEyPa
0,0.356,0.872,2.0,-7.837,1.0,0.068,0.00417,0.00975,0.0997,0.607,166.3,3dOAXUx7I1qnzWzxdnsyB8
0,0.436,0.85,2.0,-4.86,1.0,0.0617,0.000861,0.74,0.128,0.537,152.644,5LlsD7LdSMkGV4Iu0a2Zq0
0,0.648,0.936,0.0,-4.745,1.0,0.0762,0.085,6.93e-06,0.482,0.566,120.708,7h6lpVuSGPW6RNjDXKpYDh
0,0.92,0.914,7.0,-4.555,1.0,0.0444,0.0222,7.62e-05,0.114,0.974,135.923,73mlvsfJM2qwlDUJxeaatI
0,0.639,0.744,6.0,-8.377,0.0,0.0368,0.0319,0.000458,0.466,0.825,128.047,4c9WmjVlQMr0s1IjbYO52Z
0,0.566,0.755,11.0,-5.526,1.0,0.0368,0.0338,0.0,0.315,0.445,101.006,4Sfa7hdVkqlM8UW5LsSY3F
0,0.591,0.939,10.0,-4.911,0.0,0.0533,0.000156,0.0111,0.0882,0.856,150.249,6U5hUX40OWY6l0HaPUWElZ
0,0.596,0.899,11.0,-3.967,1.0,0.0504,0.232,3.98e-06,0.212,0.939,146.448,5n0zgoPE7NJq1E8mbQd4Q6
0,0.73,0.775,1.0,-4.821,1.0,0.0782,0.17,0.0,0.29,0.92,120.053,7n9bPHZvl5UvmLPhNjUH1C
0,0.537,0.882,0.0,-2.306,1.0,0.0403,0.000342,9.06e-05,0.12,0.81,145.729,1pHP4JeQV9wDx87D6qH9hD
0,0.525,0.741,10.0,-5.643,1.0,0.0311,0.0874,0.147,0.117,0.179,117.031,0Ln5tJyLX5qusquBOtq7wf
0,0.764,0.759,1.0,-5.443,0.0,0.0413,0.00903,0.0,0.0746,0.937,128.999,7lsFHOFeMyWiqaKrESLudT
0,0.515,0.884,9.0,-7.297,1.0,0.043,0.0331,0.0904,0.312,0.703,173.012,5pP3sLkAVZ03hyJ6SbsprC
0,0.463,0.836,2.0,-2.776,0.0,0.0381,0.000418,7.38e-06,0.25,0.713,141.955,7kcyCnpHm1BZGB9Wc7MCZH
0,0.584,0.931,9.0,-6.158,1.0,0.0344,0.00315,0.772,0.133,0.694,131.275,0yEhNqCwEfy8LHUmnZoHpP
0,0.352,0.866,2.0,-3.274,1.0,0.0392,3.03e-05,2.92e-05,0.295,0.544,165.209,0KNVDEeZWXZPIYKqJeRRpX
0,0.655,0.681,5.0,-9.096,1.0,0.0421,0.00296,0.794,0.0456,0.494,105.005,2afN39FUWdwvv2amGmHZZv
0,0.697,0.919,7.0,-6.174,1.0,0.029,0.00694,0.0621,0.203,0.943,118.341,76rCrPvrlLO4CyqAeaLu4o
0,0.263,0.171,1.0,-11.748,1.0,0.0338,0.241,0.87,0.0766,0.038,111.995,37HI0imp0t6a0MBS00lPkS
0,0.297,0.637,0.0,-7.926,0.0,0.0336,0.0014,0.18,0.247,0.332,94.73,2UKYMN7VnsQo40n0qCt6Sa
0,0.872,0.647,6.0,-8.646,1.0,0.0353,0.488,0.0,0.0615,0.618,125.02,5e9202Zd5MPSzbigOqAt5d
0,0.457,0.779,7.0,-6.323,1.0,0.257,0.0185,2.04e-06,0.0247,0.734,86.573,0N4NO2BmOIBWrCQ9r8Ei8m
0,0.245,0.123,2.0,-21.068,1.0,0.041,0.921,0.893,0.0752,0.0655,60.832,0WJY5kK2KTvDPuzkxNXl9Y
0,0.602,0.841,4.0,-5.579,0.0,0.0303,0.176,0.0,0.174,0.596,132.014,5eNZCVuOK7PtSdkl1afMKX
0,0.81,0.793,6.0,-9.404,0.0,0.0403,0.0378,1.82e-06,0.072,0.863,116.049,69kOkLUCkxIZYexIgSG8rq
0,0.488,0.782,9.0,-8.866,1.0,0.0691,0.205,0.666,0.182,0.591,146.023,1nzcKrYRTWZJEwWzyAU8XM
0,0.664,0.991,7.0,-6.693,1.0,0.23,0.0123,0.00415,0.227,0.1,152.606,3Qvf812dY5JVlaZEbzI3nZ
0,0.48,0.875,1.0,-5.898,1.0,0.0429,1.62e-05,0.000751,0.103,0.826,116.754,4hy4fb5D1KL50b3sng9cjw
0,0.352,0.755,7.0,-7.007,0.0,0.0308,0.000978,0.829,0.103,0.0692,97.442,7xuwYDRqeFAfHUo6xQosrE
0,0.129,0.0245,10.0,-23.98,1.0,0.0364,0.974,0.374,0.0896,0.038,74.912,4RIcaJY5GJWTflgU4zSEC1
0,0.657,0.927,4.0,-3.398,0.0,0.077,0.00345,0.00288,0.176,0.595,130.935,3k4NN1toPhPi7idAtJSrHZ
0,0.437,0.405,2.0,-8.968,1.0,0.029,0.0065,7.36e-05,0.131,0.226,129.136,52LwOgjYJ1w9MNWq1kg39E
0,0.671,0.784,4.0,-5.514,0.0,0.0303,0.0842,0.0121,0.231,0.543,122.995,1JqTcOjOn7gEpeC0JcRVPa
0,0.524,0.916,9.0,-6.47,1.0,0.0728,0.448,0.0,0.826,0.475,156.513,71OyRghSj1aTPsQK05OftV
0,0.817,0.599,0.0,-9.249,0.0,0.0328,0.132,0.000311,0.0873,0.548,108.873,2KH16WveTQWT6KOG9Rg6e2
0,0.401,0.94,7.0,-6.037,1.0,0.0758,0.00268,0.404,0.298,0.321,111.982,3DJY4qFbkQvZKNJJwK2aRt
0,0.272,0.479,5.0,-4.733,1.0,0.0342,0.758,0.0,0.11,0.481,58.185,60dJ0VFRV2gTtrCg7y4pyt
0,0.5,0.858,11.0,-5.59,1.0,0.0468,0.018,0.234,0.0809,0.538,102.181,3P3zHzdd0u5DUSbu1A9PmC
0,0.234,0.931,9.0,-4.513,1.0,0.252,0.0763,0.0695,0.126,0.259,159.593,30XrHoab9KfxR0S0Ljioaf
0,,,,,,,,,,,,
0,0.268,0.406,5.0,-10.232,1.0,0.0276,0.0495,0.0066,0.113,0.104,76.432,4uBzDO9wmPEXBKhfwAlMFJ
0,0.242,0.804,7.0,-7.019,1.0,0.0595,0.00814,0.515,0.36,0.402,174.247,4SwVcoBjjawbnexIiUDLc5
0,0.834,0.952,7.0,-3.831,0.0,0.294,0.107,0.321,0.471,0.497,128.013,1dECoBMh4flNRPOvvu6Dam
0,0.435,0.812,0.0,-3.711,1.0,0.0381,0.541,0.719,0.0455,0.508,95.546,4hszow3YBRAbGGA0WbbR6r
0,0.617,0.84,4.0,-4.063,1.0,0.0512,0.36,8.85e-05,0.179,0.57,94.676,3LI4MmibTkXH5cGpCGZgyw
0,0.594,0.917,11.0,-5.753,1.0,0.105,0.000524,0.947,0.295,0.0639,120.008,5PO4WVTCfRUMskcwg7mamK
0,0.113,0.943,9.0,-4.079,0.0,0.103,0.0128,0.0897,0.979,0.188,91.483,5sYHp3PhJuFizyI4WGOwT3
0,0.291,0.79,11.0,-5.683,0.0,0.0363,0.00133,5.61e-06,0.0811,0.513,155.667,6vrUTGn5p8IrfTZ0J6sIVM
0,0.648,0.688,9.0,-4.671,1.0,0.0282,0.0251,3.08e-06,0.176,0.937,111.854,6gQr12sFsDaW6YWEbh4rmH
0,0.608,0.95,9.0,-4.911,1.0,0.112,0.00469,0.0908,0.0414,0.769,144.025,3BzgWts3YiepIcVcZZfQWX
0,0.528,0.986,0.0,-4.892,0.0,0.0551,0.0698,9.32e-05,0.0951,0.412,97.971,4E1n2cvH7Wb7xZ568rHHNy
0,0.804,0.832,10.0,-4.723,0.0,0.0347,0.0148,0.0,0.107,0.9,111.023,2wcDfk3TfQg3Jv8gEoTim7
0,0.232,0.14,10.0,-14.009,0.0,0.0342,0.744,0.906,0.26,0.0672,135.76,0GO1QWs0YvDmmoTHUqitvf
0,0.772,0.62,7.0,-8.057,1.0,0.0297,0.562,0.034,0.0858,0.336,109.756,17iycEiYuuXtcttJLxpkEp
0,,,,,,,,,,,,
0,0.392,0.691,5.0,-9.685,1.0,0.0349,0.344,0.379,0.282,0.143,117.504,7Az9kfq4JLD8auD1xoErrP
0,0.899,0.713,6.0,-2.752,0.0,0.366,0.255,0.0,0.0708,0.777,90.051,7iL6o9tox1zgHpKUfh9vuC
0,0.569,0.945,6.0,-4.473,0.0,0.0353,3.05e-05,0.044,0.355,0.809,116.038,4eRfCcicjpjoCaYWylRU7m
0,0.568,0.868,2.0,-6.112,1.0,0.0975,0.000737,0.00291,0.118,0.62,178.057,4b4eQqhpgmJsy4dP07V7cG
0,0.484,0.96,5.0,-5.575,1.0,0.0574,0.00418,2.6e-06,0.355,0.315,133.071,4arleVbvlZQ0TUWpBveUM6
0,0.433,0.959,9.0,-4.04,1.0,0.0431,0.000917,0.0,0.028,0.365,172.984,3ZsjgLDSvusBgxGWrTAVto
0,0.416,0.819,9.0,-3.974,1.0,0.0613,0.000138,0.00108,0.147,0.632,140.083,5JmS4ADcvk5a7eUb247lmP
0,0.671,0.865,7.0,-5.735,1.0,0.0472,0.0435,0.00559,0.237,0.865,120.011,5HfY6POFEXdyGU4F6H8kJv
0,0.62,0.93,1.0,-3.685,1.0,0.0374,0.00043,0.0,0.0686,0.609,106.22,2g2a5kDeZexbUTD8abcvm6
0,0.591,0.438,2.0,-15.025,1.0,0.0501,0.789,0.894,0.107,0.0237,133.007,5hQGVKSgTsh7qaReZzVgtq
0,0.656,0.573,8.0,-7.274,1.0,0.0244,0.575,0.0181,0.07,0.104,102.757,38TsD5a83kzChtjtjcTclP
0,0.579,0.232,4.0,-8.997,0.0,0.138,0.985,0.453,0.126,0.967,113.452,11ryYilL8UVXeSuDUqnVAl
0,0.719,0.967,0.0,-2.435,1.0,0.0552,0.0588,0.000249,0.206,0.964,79.505,5WQ1hIc5d2EVbRQ8qsj8Uh
0,0.3,0.564,10.0,-10.163,0.0,0.0341,0.000906,0.811,0.0924,0.0405,177.936,63Cg39cB5xAmjObaKPAd9z
0,0.761,0.892,6.0,-5.354,1.0,0.133,0.178,4.19e-05,0.0712,0.935,127.04,5iJfzXKvQXlYOBtEQhEmpA
0,0.615,0.419,11.0,-8.8,0.0,0.0395,0.0173,0.497,0.135,0.216,76.997,67Hna13dNDkZvBpTXRIaOJ
0,0.956,0.795,7.0,-5.311,1.0,0.15,0.00356,0.889,0.0906,0.841,121.294,1pKYYY0dkg23sQQXi0Q5zN
0,0.356,0.913,9.0,-6.015,1.0,0.0499,0.0339,0.0,0.221,0.537,171.157,1WYEDcS7WGjv0rG7rmMX3o
0,0.414,0.404,0.0,-9.928,0.0,0.0499,0.271,0.0,0.3,0.224,71.105,4u7EnebtmKWzUH433cf5Qv
0,0.298,0.778,9.0,-5.42,0.0,0.0349,1.22e-05,7.04e-06,0.371,0.226,90.638,07sP8uUi1aujSnDtAHfuvz
0,0.557,0.824,10.0,-6.947,1.0,0.0776,0.0018,0.000542,0.0999,0.611,135.446,7KEajVD9AUG68onXRSFZTv
0,0.525,0.878,9.0,-3.534,0.0,0.0843,0.00143,0.00309,0.145,0.361,118.218,2yNvHps17FoUryohor5amG
0,0.745,0.466,4.0,-7.62,0.0,0.0864,0.00666,0.35,0.272,0.303,123.889,3m6KkYKdnbffMpGd9Pm9FP
0,0.342,0.98,10.0,-4.557,1.0,0.0785,0.00058,7.54e-06,0.309,0.891,169.012,7qiT2mBd55H11o4g0UcD29
0,0.749,0.925,10.0,-5.034,1.0,0.227,0.241,0.0,0.52,0.641,86.989,15JINEqzVMv3SvJTAXAKED
0,0.605,0.532,1.0,-10.872,0.0,0.0337,0.0919,0.000576,0.0762,0.139,102.804,7mfvOqsvzZaUl7sfbcNk4E
0,0.497,0.738,5.0,-4.09,1.0,0.0396,0.00128,0.653,0.0725,0.599,129.078,6B182GP3TvEfmgUoIMVUSJ
0,0.867,0.857,9.0,-5.892,1.0,0.0663,0.13,0.00171,0.13,0.402,130.048,1yfPrWwGkBviUly8f3g1XN
0,0.196,0.597,5.0,-16.104,0.0,0.0458,0.256,0.822,0.0972,0.191,169.797,7JD5OoA5hGBJDCBecoGlCy
0,0.486,0.904,6.0,-3.751,0.0,0.0638,3.43e-05,2.83e-05,0.0947,0.786,173.734,23oxJmDc1V9uLUSmN2LIvx
0,0.558,0.364,4.0,-11.258,0.0,0.0265,0.0505,5.02e-06,0.0753,0.17,142.171,3ZFwuJwUpIl0GeXsvF1ELf
0,0.654,0.883,2.0,-6.242,1.0,0.0721,0.047,0.0672,0.229,0.251,145.035,4s8LITKEpX54Bun5FOpnmQ
0,0.726,0.931,11.0,-4.152,0.0,0.0469,0.0218,0.000275,0.143,0.796,126.976,6bo5cLPI9j9eMNj248Neez
0,0.674,0.937,11.0,-4.454,1.0,0.0699,0.347,0.0,0.702,0.834,96.051,4bi73jCM02fMpkI11Lqmfe
0,0.353,0.227,5.0,-13.345,1.0,0.0305,0.963,0.0488,0.122,0.0671,107.237,5ssj9xyYxA2TDlFu13fAkY
0,0.446,0.409,0.0,-14.817,1.0,0.0368,0.287,0.0,0.0788,0.295,151.457,4YJ4n7DsZhR5hrnsMfn6zV
0,0.673,0.64,11.0,-9.252,0.0,0.0338,0.781,1.67e-05,0.168,0.89,122.883,3BCSIFo2mLFFhSsg0QwpPw
0,0.597,0.97,4.0,-5.972,0.0,0.0502,0.000385,0.205,0.133,0.717,114.999,28ASL502mpsN4rqS2NmrS3
0,0.942,0.892,6.0,-6.363,0.0,0.196,0.023,0.000897,0.264,0.595,100.007,50UkypyQJbSQLaXHke5Yep
0,0.578,0.94,4.0,-5.273,0.0,0.137,0.000224,0.00623,0.699,0.246,130.134,0Y3uvjA2ssDylY2h5oiB7T
0,0.744,0.741,1.0,-4.981,1.0,0.0572,0.0271,0.00256,0.0928,0.562,128.023,1bLG2x4ePXBr6TXFBOmXRk
0,0.592,0.767,9.0,-2.788,0.0,0.027,0.0021,0.00165,0.127,0.328,96.483,23EKk7ESb97Z5bFBlkuM56
0,0.42,0.69,9.0,-6.221,0.0,0.0347,0.00385,0.015,0.287,0.237,85.014,4HXOBjwv2RnLpGG4xWOO6N
0,0.662,0.651,0.0,-4.793,1.0,0.0255,0.284,0.000151,0.122,0.523,92.213,1UfDvk4VmNlbhbWyeMWlsV
0,0.81,0.591,8.0,-13.385,1.0,0.0638,0.414,0.799,0.072,0.297,136.028,2BndJYJQ17UcEeUFJP5JmY
0,0.76,0.891,11.0,-5.852,0.0,0.0372,0.0226,0.0868,0.298,0.966,120.265,4Hff1IjRbLGeLgFgxvHflk
0,0.705,0.828,1.0,-8.615,1.0,0.0652,0.486,0.876,0.0878,0.279,148.008,1TNFOXxCmzx57mxZfuPOAN
0,0.818,0.705,6.0,-6.679,1.0,0.177,0.00836,0.00233,0.613,0.772,138.559,0d28khcov6AiegSCpG5TuT
0,0.366,0.963,11.0,-5.301,0.0,0.142,0.000273,0.0122,0.115,0.211,137.114,7ouMYWpwJ422jRcDASZB7P
0,0.526,0.864,7.0,-8.08,1.0,0.154,0.0127,0.5,0.674,0.0912,124.631,2nXBu5Ra6LGrJJzXHHm0co
0,0.67,0.88,4.0,-9.154,0.0,0.057,4.58e-05,0.935,0.0994,0.445,125.866,2s93xBF4xiRPIVBUYZ3huA
0,0.662,0.708,10.0,-8.088,0.0,0.183,0.0276,0.0,0.0383,0.508,168.031,1MJqPD36uC9lUOc0rhbxzr
0,0.415,0.836,4.0,-8.637,0.0,0.104,0.000376,0.00104,0.114,0.433,162.634,3BC3osiRIQI8Ldi9Lfqpzf
0,0.504,0.845,5.0,-7.799,0.0,0.0938,0.0139,0.0419,0.359,0.736,159.508,78Az0Z1vNJgqv9QSB0ULLV
0,0.124,0.111,1.0,-20.986,1.0,0.0352,0.558,0.394,0.0898,0.038,73.061,6Waw5FwzxusrNOXvsvbG6m
0,0.65,0.777,0.0,-8.1,0.0,0.0272,0.0837,6.32e-05,0.103,0.75,112.93,2oZGpVkUrvh7uDOgXwBliN
0,0.714,0.868,5.0,-4.596,0.0,0.0363,0.0551,0.0,0.0987,0.78,95.05,5zF2zGPkL6Ipsn9AfAK6RP
0,0.495,0.933,11.0,-3.977,1.0,0.395,0.0294,0.0,0.503,0.815,173.414,69yVxyuRahEzs2taFMVVoO
0,0.493,0.808,5.0,-3.365,0.0,0.0362,0.000235,0.0,0.0983,0.38,117.971,6PPu2SJkd5XmHU7q4QifbQ
0,0.432,0.366,2.0,-12.167,1.0,0.028,0.663,0.686,0.102,0.155,74.03,72spzrvGTuoMfXVP3wxZDQ
0,0.556,0.913,0.0,-2.36,1.0,0.0437,0.0193,8.59e-06,0.346,0.73,96.184,1OFfN6ZiJdDAnSycMIpLwt
0,0.556,0.864,3.0,-5.87,0.0,0.0584,0.00958,0.0,0.209,0.4,105.143,60a0Rd6pjrkxjPbaKzXjfq
0,0.458,0.795,0.0,-3.265,1.0,0.0574,0.00316,0.000202,0.0756,0.513,123.229,3CeYdUfGPCjKMDYyI1PpCh
0,0.914,0.791,8.0,-6.288,0.0,0.0522,0.000377,0.365,0.214,0.743,132.039,5M9x1bfZQORXWt7j8J3SpB
0,0.66,0.931,3.0,-3.038,0.0,0.0764,0.0103,0.0,0.181,0.362,129.981,06bUBaq3PKtjc6DvHN6uiX
0,0.564,0.959,11.0,-13.125,0.0,0.0697,0.0149,0.631,0.208,0.829,101.237,7EjyzZcbLxW7PaaLua9Ksb
0,0.564,0.959,11.0,-13.125,0.0,0.0697,0.0149,0.631,0.208,0.829,101.237,7EjyzZcbLxW7PaaLua9Ksb
0,0.81,0.639,0.0,-10.802,1.0,0.0487,0.0783,0.649,0.0537,0.989,140.06,5SJXf9SpztjrAyr7SsX8od
0,0.612,0.963,5.0,-3.912,0.0,0.0531,0.00897,0.00378,0.294,0.179,138.009,5khPVYWIdAE0kSTqekYIwB
0,0.461,0.403,5.0,-11.426,0.0,0.216,0.558,1.39e-06,0.362,0.735,144.229,0jeJ9nXLvXp00bQDn2bxj4
0,0.732,0.696,2.0,-8.33,1.0,0.184,0.0769,5.39e-06,0.0885,0.528,102.52,1uHnH5jlvnjSuWTANrH1MP
0,0.672,0.697,6.0,-7.313,0.0,0.264,0.125,0.0,0.0987,0.651,105.154,16Ifhvw4OaJQ9UmSb2hZrD
0,0.707,0.843,8.0,-5.494,0.0,0.217,0.243,0.0,0.0467,0.917,100.846,7Bd8Xum36tahL6yJpHhHxI
0,0.639,0.842,5.0,-8.896,1.0,0.0835,0.564,1.6e-06,0.295,0.565,104.96,5capePeLivPkLM7ltcjzfT
0,0.704,0.569,5.0,-9.402,0.0,0.0556,0.524,2.24e-05,0.351,0.621,120.042,1jwgoHumYpw1Yu42azvjW2
0,0.671,0.703,5.0,-6.783,0.0,0.112,0.137,0.000125,0.0708,0.585,140.037,2NC0cAjN6LCbL9HUiQADm9
0,0.685,0.709,1.0,-7.67,0.0,0.123,0.105,0.0,0.235,0.563,85.482,65SQIcCJRXLk4sBeObuKxA
0,0.644,0.864,1.0,-6.454,1.0,0.0897,0.0179,0.0328,0.349,0.69,111.118,4l9uJoA9xX2PHxKZOMpNpQ
0,0.703,0.763,8.0,-7.438,1.0,0.242,0.133,0.0,0.576,0.608,99.26,72gK8z5ddoGzNdTsK17jdf
0,0.647,0.608,11.0,-8.352,0.0,0.397,0.372,0.0,0.246,0.293,87.917,5Wm8On2uH8Z13uURrbbYzU
0,0.672,0.417,0.0,-9.254,0.0,0.0501,0.0339,0.271,0.275,0.735,139.985,3PvFvpqRB2Bl1DT1Pj1XR4
0,0.48,0.668,0.0,-8.01,1.0,0.391,0.463,1.47e-05,0.0853,0.483,102.904,0RBfuChDNMujQ2yuGu58a2
0,0.706,0.63,0.0,-8.387,1.0,0.0864,0.0205,0.0,0.227,0.77,106.935,1npGClXZpwkYXgn9d6kwXq
0,0.562,0.268,9.0,-13.887,1.0,0.0552,0.951,0.0,0.344,0.715,112.691,5Imr3X6ehk58FFPkjZNjPu
0,0.486,0.217,7.0,-13.847,0.0,0.331,0.681,0.0,0.195,0.457,172.656,66cwxugBPNmFW3053yeosL
0,0.746,0.378,5.0,-12.315,1.0,0.229,0.832,0.0,0.0825,0.701,95.921,5m2BTLecmHnJIwAYWB3nuv
0,0.701,0.526,2.0,-11.373,0.0,0.0802,0.656,6.15e-06,0.202,0.963,136.104,1wVllYrFT1lvtCqZ3WBUGN
0,0.583,0.136,3.0,-15.099,0.0,0.263,0.792,0.0,0.117,0.384,118.173,5D1IQO8QZE33iZxyqswKIm
0,0.675,0.37,5.0,-15.129,1.0,0.709,0.873,0.0,0.375,0.725,107.753,72plG08YHRe5xr4uxP6MGG
0,0.609,0.317,0.0,-15.101,0.0,0.205,0.645,0.0,0.0704,0.752,133.199,6CRKV4KQDcaGEoZu5Ew0sZ
0,0.44,0.33,1.0,-24.5,1.0,0.657,0.875,0.0203,0.0547,0.961,60.492,1ij8CKcCgDk1FznEcpyiPa
0,0.402,0.0613,3.0,-18.817,0.0,0.0501,0.888,0.0,0.195,0.359,132.993,0JoPvDC5PxH6td0CdRmSM5
0,0.733,0.189,11.0,-19.059,1.0,0.524,0.653,0.0,0.335,0.834,118.464,10oC0tyepIX9vQO7IKSTiu
0,0.433,0.207,1.0,-15.362,1.0,0.0815,0.957,0.0,0.105,0.517,116.605,25YcNnkPrQvm23m6wl1AP7
0,0.388,0.304,6.0,-14.431,1.0,0.08,0.786,0.0,0.0883,0.531,96.437,6yUuKqhcFa6APF47c7zwko
0,0.733,0.257,7.0,-18.184,1.0,0.104,0.774,0.0,0.292,0.695,115.767,6dJSoXVZVPrg450p87cjPv
0,0.425,0.26,3.0,-13.265,0.0,0.0645,0.926,0.0,0.109,0.314,124.532,70E7vsM9RuTlXcq65L2Ecn
0,0.911,0.592,10.0,-12.879,0.0,0.382,0.821,0.0251,0.159,0.9,110.494,5nYgh1oL9azvgTl0ZG8Khg
0,0.73,0.698,0.0,-8.16,1.0,0.0721,0.188,0.00764,0.37,0.867,119.956,6VuaLCWJSI3rs42OFRqLzq
0,0.497,0.315,7.0,-11.73,0.0,0.0352,0.708,7.07e-06,0.433,0.429,128.409,0fRxXFq4Fd07njnTguDz8x
0,0.603,0.729,7.0,-8.081,1.0,0.0561,0.332,0.000191,0.213,0.752,79.849,5yKIICLO05zCPoiUX5TytK
0,0.744,0.527,2.0,-9.524,1.0,0.0745,0.0801,1.94e-05,0.0657,0.681,131.841,4WvBVRzQSTTQghMt55svjo
0,0.742,0.543,0.0,-9.936,0.0,0.0974,0.499,0.000639,0.741,0.836,142.116,4ZmEds8eV7tchsHwKgEg12
0,0.689,0.51,9.0,-8.376,0.0,0.124,0.253,1.01e-06,0.16,0.781,130.008,5gfyednAxUGeEd9r4I3ycv
0,0.83,0.433,1.0,-9.411,1.0,0.337,0.168,0.000598,0.0878,0.495,84.07,3tZRtSKD48x3LfsFBvU9hg
0,0.769,0.505,0.0,-10.545,1.0,0.24,0.1,0.00438,0.396,0.747,128.963,4TUzhiMBPk7uQyMjt0uw7l
0,0.651,0.705,9.0,-8.545,1.0,0.355,0.0971,1.66e-06,0.736,0.846,172.023,7uUja9ADivkJrnohH7kGzX
0,0.739,0.387,7.0,-10.48,0.0,0.0572,0.326,0.00967,0.0644,0.322,126.101,7aiuomcRGn7VBHriONGH8S
0,0.657,0.726,7.0,-8.674,0.0,0.132,0.351,0.000797,0.357,0.87,152.078,7LokrzAnk00jvkvsNpoYOT
0,0.437,0.59,10.0,-10.708,0.0,0.165,0.218,1.94e-05,0.321,0.629,170.89,2s2rB3AmcbQXdFBy9WcO0h
0,0.748,0.394,11.0,-9.657,0.0,0.07,0.572,1.98e-06,0.182,0.56,120.443,6ur7DKr2bf2SqMKLFPVE0Y
0,0.456,0.45,10.0,-13.138,0.0,0.15,0.63,0.0105,0.163,0.815,139.416,5Jg1O1yekRtkCAicvx5h0C
0,0.626,0.491,10.0,-9.725,0.0,0.375,0.554,0.0,0.128,0.771,75.995,0j7p3UlEIY48gFDi4nH73w
0,0.89,0.667,9.0,-6.929,0.0,0.13,0.13,0.000186,0.0768,0.851,99.994,5I3fveGRnikil8bXGhBaKP
0,0.769,0.532,3.0,-7.342,0.0,0.0767,0.139,0.0537,0.0707,0.732,95.684,5UGxudOejfGzdgfcPQJJ0J
0,0.832,0.409,10.0,-7.573,0.0,0.147,0.193,0.0,0.344,0.527,93.17,3DjHkVL2UV7jE8GOxQ4v3Y
0,0.763,0.655,8.0,-9.08,1.0,0.0886,0.45,0.0,0.381,0.699,119.3,0COyIcv0EknnSBjb5hDy1Z
0,0.485,0.56,4.0,-14.735,1.0,0.336,0.508,0.0,0.325,0.883,84.151,4Pp3NYIu05O76DEXMpQvoM
0,0.807,0.464,9.0,-6.965,0.0,0.11,0.108,0.00161,0.0997,0.577,90.453,0lpC1Y1GBAlzmE2vnVkXti
0,0.591,0.365,1.0,-12.809,1.0,0.059,0.396,0.000233,0.127,0.104,110.268,0jvQhGELkFVGEAQunFFz32
0,0.614,0.584,10.0,-7.054,0.0,0.146,0.0393,5.6e-05,0.126,0.658,180.054,23y6onGR17pJkyKFgHsBnt
0,0.366,0.574,0.0,-7.85,0.0,0.109,0.914,2.42e-05,0.245,0.442,82.981,6TmgZj7asIKqKkfdL1rnPV
0,0.715,0.615,1.0,-10.583,0.0,0.292,0.186,0.000124,0.0947,0.876,171.273,23Sqck78zjBvus68YrDFix
0,0.462,0.456,1.0,-13.027,1.0,0.189,0.00466,0.0,0.848,0.56,84.481,1iuxLKjCVDaJAQBNLDDI0I
0,0.759,0.569,1.0,-7.003,1.0,0.305,0.143,0.00497,0.12,0.847,92.99,0rifCi62jDz2pRAoLmpmwf
0,0.688,0.817,5.0,-7.589,0.0,0.09,0.266,0.000183,0.315,0.15,101.868,3AsJ5DLRkUtx61ErUaHq59
0,0.547,0.843,7.0,-8.159,1.0,0.252,0.0027,0.000127,0.395,0.633,129.617,287xWfrYP1zNIO8DQe7UB5
0,0.91,0.557,7.0,-6.452,0.0,0.161,0.0433,1.2e-05,0.068,0.866,96.941,7tieJE4rq55XOmbdkYN3gq
0,0.74,0.844,10.0,-12.297,0.0,0.256,0.0531,0.609,0.805,0.795,191.97,298AOhKRLn1fw2uF2rtzTV
0,0.646,0.9,8.0,-8.947,1.0,0.038,0.000333,0.581,0.055,0.859,129.418,6iVp4WnuJ46Y3jZE5pQ0Fe
0,0.727,0.891,1.0,-7.289,1.0,0.0473,0.0333,1.55e-06,0.0653,0.869,105.97,2wzFOtxpGbozpot0eQqsZ9
0,0.706,0.791,10.0,-6.533,0.0,0.0739,0.253,1.26e-05,0.135,0.814,96.994,6xOPRYbOCaFEyyrm8VxWLG
0,0.526,0.509,0.0,-10.548,1.0,0.372,0.231,0.000229,0.124,0.462,155.52,7wsb2u34S1CAbo7bpsoX20
0,0.451,0.626,4.0,-10.46,0.0,0.105,0.26,0.212,0.135,0.579,152.471,7K9M0P4i7OGJmODg0Tqzqb
0,0.654,0.531,2.0,-10.969,0.0,0.349,0.694,1.16e-06,0.661,0.547,99.364,5Lvh1GB55FkKDRVIi7Sp4b
0,0.522,0.654,0.0,-11.807,1.0,0.077,0.0197,0.601,0.0442,0.717,133.015,6vKQk1VJLSGziJ4VZEazC4
0,0.74,0.597,11.0,-9.102,0.0,0.258,0.023,0.00149,0.359,0.723,97.974,7bWwkQF14uvC9f9RFdVomK
0,0.595,0.412,4.0,-9.755,0.0,0.0541,0.204,0.000167,0.374,0.236,139.988,2gheoQNCQvuqFPZprjZ2qz
0,0.712,0.422,10.0,-10.077,0.0,0.0684,0.0815,0.0992,0.144,0.597,143.626,7jxDWUyMVlotOtvXyjxJQb
0,0.544,0.683,0.0,-9.548,0.0,0.219,0.0805,0.000584,0.13,0.419,100.442,5H3nJp9rZwuK1fTFNNkY4B
0,0.844,0.586,7.0,-10.688,0.0,0.37,0.367,0.0,0.25,0.767,88.921,3Iy9FwM7jXZJ6zPrPPJsdJ
0,0.765,0.365,5.0,-12.348,0.0,0.184,0.369,0.0,0.147,0.619,99.441,0TfoyPDn7nE9qKxNIVB26v
0,0.877,0.563,5.0,-9.286,1.0,0.176,0.423,0.00119,0.166,0.251,99.946,0wznMYLzjtBCn6JpL6jCuy
0,0.761,0.606,8.0,-7.795,0.0,0.28,0.279,0.0,0.175,0.741,97.74,3BJslRPcPvDosBqfxyUOtd
0,0.763,0.384,3.0,-13.592,1.0,0.212,0.673,0.0,0.175,0.834,99.847,3b9esYGE950cmjcsi1Cva5
0,0.821,0.534,11.0,-13.774,0.0,0.134,0.488,1.01e-06,0.0789,0.755,101.904,4Jy5oU1JxwbrIHb5xVUste
0,0.768,0.0685,5.0,-22.016,0.0,0.293,0.723,0.0,0.156,0.388,115.767,2ELj43V5TLCqcD9We4Qq9T
0,0.706,0.388,1.0,-13.591,1.0,0.345,0.732,0.0,0.262,0.456,148.57,1fo7sdkx9EXoaMfxSokwEP
0,0.823,0.702,10.0,-12.475,0.0,0.232,0.681,1.94e-06,0.163,0.902,96.602,5Ts5Rb3UK0s0MhjOveBlDe
0,0.367,0.3,0.0,-10.953,0.0,0.123,0.908,0.0,0.0832,0.564,68.497,6Vbdx85f6wW41pFR9MQnoj
0,0.353,0.188,3.0,-17.372,1.0,0.05,0.719,0.0,0.0983,0.427,93.231,6cUOix1yHc5IhlIC5AOW8N
0,0.894,0.53,11.0,-11.564,0.0,0.362,0.332,0.0103,0.032,0.819,103.557,7h3avrBvDdALtk0E8tyw5L
0,0.451,0.114,8.0,-22.52,1.0,0.201,0.492,1.46e-05,0.102,0.0373,135.292,4pvtkOXnC3vtjhXXFGf9LG
0,0.603,0.519,8.0,-14.406,1.0,0.559,0.769,0.0,0.341,0.828,93.075,4E7yWtGDM7V15mAWrZPj6R
0,0.838,0.481,11.0,-11.857,1.0,0.234,0.581,8.37e-05,0.642,0.778,103.92,11k87V8pZw5lILxRAmbTQD
0,0.436,0.0137,10.0,-21.756,0.0,0.0444,0.956,0.0,0.396,0.118,98.584,58Fd6F0yaUs13NNADgVEl5
0,0.568,0.247,10.0,-16.596,1.0,0.428,0.907,0.0,0.114,0.865,155.273,0jSGiP01jiSD3A1pQzCxE0
0,0.446,0.279,0.0,-12.649,1.0,0.0539,0.86,0.0,0.318,0.587,93.201,3RkKSI9ziKIKdLpRA2IzI5
0,0.462,0.218,10.0,-22.043,0.0,0.348,0.834,0.0,0.461,0.716,182.797,6HYZZf6sJoWWy90oc9rUvB
0,0.768,0.349,5.0,-14.885,0.0,0.238,0.713,0.0,0.263,0.821,99.798,04ysJstd371FXALRCjWXAQ
0,0.821,0.494,11.0,-14.752,0.0,0.143,0.542,0.0,0.0853,0.766,101.874,5P9w9IzHeHXuU0661vWXV9
0,0.782,0.0706,5.0,-21.968,0.0,0.318,0.709,0.0,0.114,0.41,115.745,7cyVh21pBElq9UXWT3iffI
0,0.696,0.411,1.0,-13.76,1.0,0.481,0.764,0.0,0.633,0.398,148.515,7BqQ2dcFU9rqTSUi3gmP3t
0,0.686,0.754,10.0,-11.961,1.0,0.38,0.605,0.0,0.0936,0.911,193.119,4VJX7ykJqhAXyF7Sy7oKCL
0,0.48,0.251,0.0,-13.109,0.0,0.0798,0.924,0.0,0.0986,0.552,142.359,2fs8zbNBdkoAFLW99Sp3XU
0,0.363,0.171,3.0,-18.605,1.0,0.052,0.723,0.0,0.0906,0.385,95.731,4AewfNWKJakqZSkIqE4Fje
0,0.893,0.514,1.0,-13.265,1.0,0.452,0.405,0.00082,0.324,0.685,103.588,5Ylr5gW0ijvRvoLXYXlcYx
0,0.368,0.132,2.0,-23.033,1.0,0.154,0.431,0.000111,0.163,0.209,141.029,6OJAkI0zBElrNb6Zho08sP
0,0.507,0.517,8.0,-14.715,1.0,0.6,0.79,0.0,0.288,0.816,90.243,0EZuyNg5h2VGOWu38aKKiY
0,0.426,0.693,8.0,-9.759,1.0,0.0377,0.0251,0.0065,0.101,0.751,126.804,1oT20g6f8rvymheUIdFr19
0,0.471,0.733,4.0,-8.712,0.0,0.0574,0.00214,0.00599,0.283,0.768,125.585,35A5dsGCdI8JIArtCU9FtE
0,0.516,0.582,7.0,-13.527,1.0,0.0344,0.0106,0.0108,0.179,0.406,125.053,6yzTaVqRw7lZGGsXZQ67hW
0,0.461,0.647,7.0,-8.406,1.0,0.0395,0.000636,0.108,0.128,0.752,131.845,5m2qrSoYrB6UdPnj11CodO
0,0.449,0.642,2.0,-10.527,1.0,0.0487,0.00608,0.00707,0.175,0.586,113.638,1vGaDyAHug4rFDhTJX73pT
0,0.475,0.892,9.0,-9.065,0.0,0.0503,0.0252,0.00645,0.149,0.716,139.891,5H8Wls8PmXL1npl7NZYP8I
0,0.453,0.552,9.0,-7.418,1.0,0.042,0.00256,0.071,0.0698,0.792,92.523,1mj1lswFVETKXUMlwqq1Tq
0,0.419,0.616,10.0,-7.921,1.0,0.0762,0.00236,0.0147,0.0966,0.63,121.164,1gT9BznY6k2c0gMsFuFc7w
0,0.453,0.552,9.0,-7.418,1.0,0.042,0.00256,0.071,0.0698,0.792,92.523,1mj1lswFVETKXUMlwqq1Tq
0,0.48,0.694,4.0,-8.042,1.0,0.0387,0.000271,0.395,0.354,0.177,126.964,4u9FaGP5sQT0j6xyLGpj9i
0,0.616,0.777,4.0,-12.179,0.0,0.0549,0.0215,0.075,0.0512,0.786,111.732,6qnhXRedMi71TBYRc9jm4o
0,0.488,0.782,9.0,-8.866,1.0,0.0691,0.205,0.666,0.182,0.591,146.023,1nzcKrYRTWZJEwWzyAU8XM
0,0.604,0.625,6.0,-10.236,0.0,0.0315,0.0644,0.00423,0.34,0.944,128.733,3uii5WAVtvVfcrxkOsFCE6
0,0.492,0.775,4.0,-10.347,1.0,0.0795,0.0138,0.19,0.0642,0.662,116.745,07NVf4qua5nP61XhZMrfKf
0,0.552,0.651,4.0,-10.624,0.0,0.229,0.00494,0.0349,0.132,0.533,161.548,0FMhMAFPLg8EljnROSoVnj
0,0.653,0.766,0.0,-8.078,1.0,0.0261,0.000464,0.00206,0.103,0.396,125.113,0f9h8awV1X4jSllHXXYdfX
0,0.601,0.859,5.0,-5.263,1.0,0.0276,0.000359,0.00124,0.0871,0.446,125.145,1UBQ5GK8JaQjm5VbkBZY66
0,0.471,0.451,9.0,-10.661,0.0,0.0661,0.724,0.0635,0.221,0.47,107.367,4gMPlNNTZa2Y2goDA15hgr
0,0.688,0.368,7.0,-10.33,1.0,0.0783,0.0398,0.0866,0.171,0.859,99.592,6y53iWyDYc4Ge3R7aeSLxG
0,0.415,0.647,4.0,-12.021,0.0,0.0696,4.14e-05,0.000847,0.208,0.409,163.047,6xZJiHIciyWyXLYn9k0Lpl
0,0.336,0.796,6.0,-10.845,0.0,0.0896,0.00361,0.00143,0.0621,0.417,155.28,2JOIOYTRJwccEUfdH35tP9
0,0.917,0.649,2.0,-7.972,1.0,0.0419,0.131,0.00115,0.0536,0.752,117.626,0bl3loogtnE6ssdEGb9GCn
0,0.773,0.543,0.0,-9.97,1.0,0.0292,0.093,5.63e-06,0.175,0.802,115.997,5XE8c07vbpQBUriwybOHtd
0,0.538,0.841,9.0,-7.547,1.0,0.0375,0.0424,0.00178,0.312,0.881,93.077,5LPGZnsy07YNxeuTI1X3RT
0,0.619,0.67,11.0,-10.322,0.0,0.0353,0.00165,0.0109,0.331,0.777,129.269,45Ia1U4KtIjAPPU7Wv1Sea
0,0.688,0.671,1.0,-7.872,1.0,0.0975,0.0304,0.0,0.0782,0.537,83.988,3X6iIrFuQoCshIWBseEKPl
0,0.713,0.805,6.0,-7.936,0.0,0.0373,0.000102,0.855,0.0955,0.683,103.621,0yY4zNzkTPQ5YhXPHJlhF7
0,0.52,0.875,9.0,-8.075,1.0,0.151,0.0215,0.03,0.0709,0.887,169.214,3xxBAMUVusDLjLFwwL9qoY
0,0.708,0.677,5.0,-11.744,0.0,0.0533,0.00387,0.00133,0.0484,0.664,116.249,4UeM5va3UhQ5hRsiW8F2Di
0,0.612,0.628,7.0,-10.385,1.0,0.0257,0.247,0.000194,0.0907,0.927,97.903,7r45JFRfUkMjj5PHdAmRYk
0,0.487,0.857,11.0,-6.855,0.0,0.0467,0.0122,5.36e-06,0.0987,0.771,129.915,6rz6kpn5SLlk5cSz2RM8Vf
0,0.579,0.508,2.0,-9.484,1.0,0.027,0.00574,0.000494,0.0575,0.609,147.125,40riOy7x9W7GXjyGp4pjAv
0,0.667,0.755,9.0,-7.246,1.0,0.069,0.0966,6.94e-05,0.0523,0.883,109.535,6gXrEUzibufX9xYPk3HD5p
0,0.546,0.745,8.0,-7.292,1.0,0.0306,7.44e-05,0.0295,0.15,0.672,156.267,4u5kgV4M57gj46R0NXV8Wl
0,0.533,0.872,9.0,-11.893,1.0,0.0521,0.0535,0.0437,0.339,0.907,111.372,6zxw5CZ2jMEbUsRZSS7Wn7
0,0.552,0.896,7.0,-12.984,1.0,0.0368,0.0198,0.00393,0.317,0.925,90.464,6MosJEfdvf7sEjqBLIHJkC
0,0.459,0.727,0.0,-11.777,1.0,0.0303,0.00614,0.0652,0.384,0.955,149.231,6s0NHplywwr1IjnQpUpWJk
0,0.655,0.928,1.0,-5.865,1.0,0.0982,0.0433,0.0,0.042,0.914,144.754,3kUmeZfnYvB7lEBpG2jQ1o
0,0.464,0.944,1.0,-5.309,1.0,0.107,0.0159,5.66e-06,0.384,0.716,137.864,6ejipC6dh8CGi2WiUACOvN
0,0.547,0.822,0.0,-7.201,1.0,0.0292,0.0745,0.00943,0.0645,0.774,130.138,2PfBSkCKZDXMsJogMT0wML
0,0.282,0.907,8.0,-4.097,1.0,0.111,0.0584,0.0,0.245,0.502,203.348,4YZMFvkiBLdqz5jLxep938
0,0.814,0.676,0.0,-9.68,1.0,0.0469,0.0813,0.662,0.0508,0.991,139.761,7kigmgx2tJJsZHKaa2QC0w
0,0.465,0.865,11.0,-9.573,0.0,0.098,0.018,0.00135,0.0769,0.677,117.528,2ZOTtG7v1OrSNs6EINIGb4
0,0.478,0.794,0.0,-6.883,1.0,0.0468,0.0103,0.000727,0.299,0.722,125.9,6jdUV9kBFePZaYacm4yEyW
0,0.482,0.72,9.0,-7.654,0.0,0.0415,0.0365,0.000277,0.302,0.781,118.213,2rW7c4KgYhd6wufj9BRB0P
0,0.473,0.898,6.0,-4.797,0.0,0.0561,0.00783,0.0618,0.173,0.808,96.556,4aVuWgvD0X63hcOCnZtNFA
0,0.286,0.662,2.0,-12.076,0.0,0.0459,0.0613,0.138,0.845,0.35,134.854,6pPz20RDulTS3NSqim0YPl
0,0.295,0.954,2.0,-4.666,0.0,0.0672,0.309,0.409,0.649,0.206,135.386,3xz5cKJKtdAfDqGBmTUsAr
0,0.619,0.579,4.0,-9.307,1.0,0.0473,0.0152,6.4e-05,0.0858,0.69,127.224,4alHo6RGd0D3OUbTPExTHN
0,0.799,0.608,5.0,-8.193,1.0,0.0411,0.0811,0.0137,0.102,0.963,121.915,1SRkKyJ2JjMZgyDWC30zKv
0,0.718,0.543,4.0,-11.238,1.0,0.0372,0.0606,0.0988,0.0646,0.37,115.522,5xLfQuX5YAfog2JgPz0dpA
0,0.565,0.628,9.0,-10.368,1.0,0.033,0.0672,0.000181,0.39,0.706,133.194,2ATTIE0sKIXysApJPlR3sB
0,0.412,0.528,1.0,-6.613,1.0,0.0259,0.298,5.03e-05,0.332,0.175,79.962,07KHJvlYBeQVqrmifTEqEp
0,0.629,0.785,5.0,-10.761,1.0,0.0471,0.0249,9.45e-06,0.0522,0.869,108.531,2vX5WL7s6UdeQyweZEx7PP
0,0.459,0.889,1.0,-3.245,1.0,0.0486,0.451,0.112,0.306,0.454,115.669,01zdD7epF5uS0gGb0jNjhN
0,0.688,0.482,2.0,-12.612,1.0,0.0376,0.464,0.000113,0.12,0.786,115.039,6EthdXeeDRmN2enXANpFiV
0,0.378,0.756,7.0,-11.073,1.0,0.0673,0.436,0.0351,0.867,0.838,131.577,1sxtxIKhRiQwuGpUwHoEHq
0,0.555,0.868,4.0,-3.437,0.0,0.0291,0.556,0.0,0.108,0.877,133.281,54RvhpfKwYMrKLLM6qXLT8
0,0.611,0.883,9.0,-11.225,1.0,0.0539,0.0846,1.2e-06,0.192,0.604,117.928,2HXixVqzzm9rEUIMAWzshl
0,0.685,0.748,0.0,-10.551,1.0,0.0272,0.106,0.000153,0.1,0.94,118.323,5MHAPsmn3q5VMhVJLzuHz1
0,0.497,0.849,9.0,-5.352,1.0,0.0612,0.00985,0.0,0.106,0.72,169.937,0LN0ASTtcGIbNTnjSHG6eO
0,0.312,0.67,0.0,-8.633,1.0,0.0703,0.464,4.82e-05,0.105,0.5,90.689,2wIW0sOunAuhdqGosVQ3eP
0,0.45,0.941,6.0,-4.725,1.0,0.0489,0.138,0.123,0.108,0.662,125.138,1u1DBObkLFscNCpRpXbYb9
0,0.28,0.977,11.0,-5.488,1.0,0.127,0.0232,0.0158,0.138,0.475,100.409,5Fz2wrKAjhKpWeTwvE1Ct3
0,0.234,0.818,11.0,-7.621,1.0,0.0699,0.0157,0.0861,0.121,0.311,75.985,2F54Ld7CbgcxKYBPOpJtqV
0,0.742,0.844,2.0,-6.441,1.0,0.111,0.0838,0.0,0.418,0.85,113.371,3v8PlUFGQQDBIk1J86waCo
0,0.525,0.9,2.0,-6.815,1.0,0.0545,0.00539,4.09e-05,0.14,0.883,151.274,7lSDCrF11sdTVfjbAQVZE8
0,0.491,0.883,4.0,-4.986,0.0,0.0306,0.000736,3.19e-05,0.369,0.518,131.75,4Y7fEQ4PAzhlLnLviRw2P4
0,0.519,0.815,4.0,-6.349,0.0,0.0354,0.000105,0.00261,0.0993,0.497,119.944,1yOUvgRcqCJFBXE2gC8FaJ
0,0.5,0.878,1.0,-5.928,1.0,0.0484,1.64e-05,0.000249,0.112,0.794,116.697,6FyfOXMpEkiIV6cuVx5PgH
0,0.556,0.945,0.0,-4.347,0.0,0.0496,0.0847,3.68e-06,0.394,0.781,122.875,7LBJui5MdjfCd8YZr4xaqA
0,0.541,0.936,0.0,-3.038,0.0,0.0525,0.0302,3.03e-06,0.363,0.488,120.06,4KaHvV6CcOI9F0WDdToZdv
0,0.478,0.896,9.0,-4.83,0.0,0.0726,0.018,2.12e-05,0.107,0.567,152.316,4lhd8uthpRxcQ3Wsccu5be
0,0.612,0.665,5.0,-9.83,1.0,0.39,0.0482,1.4e-06,0.0425,0.69,133.021,530Nh8H6UdeIZmxf9y7NXl
0,0.565,0.823,1.0,-8.343,0.0,0.0368,0.0543,1.16e-05,0.248,0.83,150.943,7A27Rj3872xK0LcUMI8aAl
0,0.421,0.751,9.0,-9.584,1.0,0.0472,0.2,0.0,0.17,0.789,89.839,6ToM0uwxtPKo9CMpbPGYvM
0,0.432,0.848,4.0,-8.095,0.0,0.0878,0.274,0.0344,0.233,0.743,81.201,0NSeXLBOh16zjbENkAu0P6
0,0.567,0.959,8.0,-3.822,1.0,0.102,0.0995,6.07e-05,0.1,0.961,137.377,1oG2vWELiGjIqxwqGcyqwF
0,0.625,0.733,5.0,-12.127,1.0,0.0927,0.0595,0.88,0.164,0.524,95.211,4aK0vJsPXFsFdBUh8hPaDT
0,0.512,0.922,2.0,-5.583,1.0,0.0587,0.000791,0.000306,0.0654,0.684,144.956,3sswspym5LLTgZTOS6FIsq
0,0.356,0.872,2.0,-7.837,1.0,0.068,0.00417,0.00975,0.0997,0.607,166.3,3dOAXUx7I1qnzWzxdnsyB8
0,0.705,0.735,11.0,-6.646,1.0,0.0931,0.028,0.0783,0.112,0.448,132.627,0grFc6klR3hxoHLcgCYsF4
0,0.504,0.705,6.0,-6.179,0.0,0.0665,0.00121,4.12e-06,0.453,0.567,108.965,2MVwrvjmcdt4MsYYLCYMt8
0,0.505,0.833,0.0,-4.632,1.0,0.0475,0.00772,7.9e-05,0.069,0.565,130.121,46iI0binWzpkEJgIWTYUBR
0,0.792,0.532,2.0,-8.66,1.0,0.054,0.0433,0.00307,0.0369,0.595,140.384,0NCxcWPutukODIxeSi6bho
0,0.479,0.829,9.0,-5.269,0.0,0.0283,0.000804,2.16e-05,0.369,0.601,126.938,6OmxjsLCNHIqM98TWlNcsZ
0,0.65,0.838,2.0,-5.953,1.0,0.0365,0.0435,0.0169,0.318,0.79,117.116,3JOLDcspYV5LBtGDkGFEww
0,0.561,0.807,4.0,-4.474,1.0,0.0308,0.0187,0.0,0.149,0.386,119.37,4iIVsaOFYcutuOUslA79P2
0,0.692,0.711,0.0,-7.498,0.0,0.0317,0.225,0.0,0.12,0.875,125.135,1TfqLAPs4K3s2rJMoCokcS
0,0.796,0.54,2.0,-8.344,1.0,0.0582,0.0451,0.001,0.037,0.569,140.301,0OSNeMv5ik3W4NP401qRzz
0,0.723,0.881,2.0,-6.801,1.0,0.0332,0.0412,0.0263,0.095,0.935,136.277,1b6AW6uDrtrUN0Y6GJR45j
0,0.555,0.661,8.0,-9.097,1.0,0.0369,0.771,1.06e-05,0.307,0.346,106.121,4wCvcDwIzWIZ34UUhuszJ7
0,0.492,0.573,9.0,-6.438,0.0,0.0288,0.613,0.000251,0.187,0.279,136.744,4cMLZnElAzXYXEe4aWTEeK
0,0.629,0.905,5.0,-4.745,1.0,0.0378,0.0273,0.199,0.0644,0.967,122.448,52MW2hwNmLa0KdsZZk8360
0,0.723,0.863,2.0,-7.89,1.0,0.0338,0.0383,0.0317,0.128,0.931,136.302,2PzU4IB8Dr6mxV3lHuaG34
0,0.529,0.898,2.0,-5.249,1.0,0.0786,0.00627,0.728,0.0668,0.434,108.599,4BYGxv4rxSNcTgT3DsFB9o
0,0.736,0.73,2.0,-7.354,1.0,0.0295,0.76,4.05e-06,0.0858,0.968,122.824,5eyMdaZLwLE1miF5F60k3X
0,0.278,0.676,9.0,-8.821,1.0,0.0371,0.000423,0.000899,0.136,0.494,104.545,6ooluO7DiEhI1zmK94nRCM
0,0.557,0.793,2.0,-6.861,1.0,0.0287,0.000522,0.0112,0.0876,0.57,145.747,2ASXXba2oQOxNGi0ttXSxY
0,0.7,0.434,11.0,-9.563,0.0,0.084,0.599,0.0,0.219,0.57,81.149,35SH9W19yyN4Hxq8qHptPH
